            -0.02238
            -0.00307
             0.00126
             0.02014
            -0.01043
            -0.00752
            -0.01271
            -0.00349
             0.00485
             0.01317
             0.00626
             0.00864
             0.00612
            -0.00685
             0.00744
             0.00691
            -0.01407
            -0.00434
             0.00395
             0.00024
             0.00456
             0.00618
            -0.00294
            -0.00774
            -0.01614
             0.01206
            -0.00136
            -0.01039
             0.00814
            -0.00153
            -0.00110
            -0.00826
             0.01378
             0.00394
             0.00067
             0.00002
             0.00063
             0.01505
             0.00722
            -0.00259
            -0.00518
            -0.01300
             0.00025
            -0.00408
             0.01262
             0.01262
            -0.00855
             0.00309
             0.00711
             0.00712
            -0.00199
             0.00368
             0.00616
            -0.00180
            -0.00654
            -0.01012
            -0.00150
             0.00806
            -0.00836
            -0.01121
            -0.01223
            -0.00952
             0.00315
            -0.00378
             0.00448
            -0.00581
             0.00706
             0.02009
            -0.00248
             0.00799
            -0.00577
             0.01713
            -0.01376
            -0.00002
            -0.00721
             0.01403
            -0.00557
             0.00420
             0.00320
             0.00751
            -0.01297
            -0.00048
             0.01366
            -0.00896
             0.00008
             0.00175
            -0.00221
            -0.00420
             0.00227
             0.00997
            -0.00232
             0.00456
             0.01498
            -0.01877
            -0.00972
             0.00449
            -0.00394
            -0.00311
            -0.00020
            -0.00789
            -0.01083
             0.00109
             0.01201
             0.01602
             0.01447
            -0.00155
            -0.00608
            -0.00039
             0.00476
            -0.00210
            -0.00713
             0.00707
             0.01293
            -0.01080
             0.01176
             0.00915
             0.00356
            -0.00560
            -0.00640
             0.00665
             0.00745
            -0.01747
             0.00294
             0.00500
             0.00332
             0.00233
            -0.00329
             0.00151
            -0.00145
            -0.01667
            -0.00604
            -0.00190
            -0.00324
            -0.00098
             0.01743
            -0.00428
            -0.01661
             0.00160
             0.00707
             0.01275
            -0.00593
             0.00946
             0.00263
            -0.00228
             0.00826
             0.00838
             0.00115
             0.01223
            -0.00123
             0.01983
            -0.00064
             0.00077
             0.02218
             0.00879
             0.01268
             0.00473
            -0.00395
             0.00877
             0.01442
            -0.01222
            -0.00037
             0.01745
             0.01412
            -0.00025
            -0.01145
            -0.01360
             0.01137
             0.01391
             0.02510
             0.00057
             0.02397
            -0.00516
             0.01005
             0.00119
             0.00413
            -0.03023
             0.00014
            -0.00981
             0.00449
            -0.01253
            -0.00994
            -0.02353
             0.00098
             0.00747
             0.03037
             0.00462
            -0.02610
            -0.01708
            -0.03906
             0.00151
             0.01800
            -0.06081
             0.01790
            -0.01579
             0.01868
            -0.00313
             0.01351
            -0.02799
            -0.03632
             0.00448
            -0.01107
             0.00631
             0.02468
             0.02553
             0.03825
             0.00293
             0.02080
             0.04305
             0.01550
             0.03106
            -0.02102
             0.00737
             0.00496
             0.07161
             0.02095
             0.00889
             0.00855
            -0.00284
             0.04609
             0.03910
             0.03812
             0.08874
             0.05728
             0.04959
             0.08393
             0.05261
             0.04534
             0.03690
             0.02606
             0.04720
            -0.06306
            -0.04473
            -0.02889
            -0.04208
            -0.08058
             0.04746
             0.04537
             0.02228
            -0.02480
             0.01138
             0.04676
             0.02323
            -0.00440
             0.07043
             0.00613
             0.11185
             0.06436
             0.03416
             0.03682
             0.03801
             0.04486
             0.07816
             0.07314
             0.04730
             0.03922
            -0.01487
             0.08391
             0.12759
             0.09141
             0.09007
             0.02559
             0.07316
             0.05364
             0.05632
             0.09145
             0.00918
             0.05564
             0.02184
             0.02303
             0.05038
             0.02119
            -0.01940
            -0.03663
             0.05140
            -0.02393
             0.10283
             0.05824
             0.00992
             0.04599
             0.06642
             0.05067
             0.01085
            -0.04968
            -0.02425
            -0.00240
             0.06839
             0.06933
             0.07384
             0.05114
             0.02398
             0.04759
             0.08693
            -0.00612
             0.08911
             0.09368
             0.07967
             0.01081
             0.02532
             0.05602
             0.07460
             0.08834
             0.01429
             0.08227
             0.01822
             0.04967
             0.06880
             0.03079
             0.00206
             0.04690
             0.05641
             0.00339
             0.01541
             0.03271
             0.02991
             0.00905
            -0.00441
             0.02164
            -0.00645
            -0.01623
             0.02046
             0.03316
            -0.02124
            -0.02602
            -0.00524
            -0.00844
            -0.00555
             0.02434
             0.04152
             0.00531
             0.02951
             0.01077
            -0.03147
             0.00618
            -0.03017
             0.00474
            -0.02505
             0.01396
            -0.03426
             0.00714
            -0.00171
            -0.01136
            -0.02576
            -0.00797
            -0.00130
            -0.03861
            -0.03278
             0.00443
            -0.01140
             0.00892
            -0.00622
            -0.01254
            -0.05107
            -0.01466
            -0.01037
             0.02104
             0.01207
            -0.00671
            -0.00495
             0.02175
             0.00076
            -0.00157
            -0.00443
             0.02921
             0.01197
             0.00253
             0.02140
            -0.01378
             0.00258
            -0.00185
            -0.00780
            -0.00811
            -0.02484
            -0.01299
            -0.00276
            -0.00094
             0.00922
             0.00597
             0.01811
             0.00286
             0.00231
            -0.00373
            -0.02211
            -0.01721
            -0.01950
            -0.02421
            -0.00321
            -0.01990
            -0.00465
            -0.01758
             0.01451
            -0.02744
             0.00946
             0.00177
            -0.01670
             0.01050
            -0.02560
            -0.01034
            -0.02109
            -0.01280
            -0.02139
            -0.00523
             0.00890
            -0.00058
            -0.02620
            -0.02372
            -0.01433
             0.00966
            -0.01492
            -0.01354
            -0.00846
            -0.00547
            -0.01295
            -0.01817
            -0.00080
             0.00419
            -0.00146
             0.01335
            -0.01033
             0.00449
            -0.00163
             0.01436
             0.01290
             0.01776
            -0.00952
             0.02158
             0.01025
            -0.00790
            -0.01350
             0.00835
             0.00148
             0.01003
             0.00429
            -0.00125
             0.00329
             0.00817
             0.00322
             0.01295
             0.03102
             0.00483
            -0.02452
            -0.01583
             0.01207
             0.01654
            -0.02585
            -0.00983
             0.02248
            -0.00445
             0.01313
            -0.00277
             0.02385
             0.01954
            -0.00991
             0.02384
            -0.00237
            -0.02972
             0.01123
             0.00083
            -0.01543
            -0.01422
            -0.00869
             0.01820
             0.01293
            -0.00531
             0.01148
            -0.00697
             0.00501
            -0.01257
            -0.00273
            -0.00006
             0.01168
             0.00358
             0.01066
             0.00547
             0.00783
            -0.00371
            -0.00561
             0.01017
            -0.01177
            -0.00167
             0.00477
            -0.00260
             0.01911
            -0.01229
            -0.00334
            -0.00354
             0.00287
             0.00411
            -0.00713
             0.00138
            -0.01258
             0.01101
             0.01150
            -0.01575
            -0.01139
             0.00116
             0.00089
            -0.00582
