             0.67085
             0.64529
             0.59657
             0.57931
             0.54542
             0.52666
             0.47323
             0.44039
             0.42707
             0.39031
             0.37397
             0.34751
             0.32864
             0.28097
             0.26220
             0.25405
             0.19791
             0.18491
             0.15403
             0.11509
             0.11216
             0.09224
             0.05680
             0.03740
             0.02311
            -0.01273
            -0.02175
            -0.05298
            -0.09666
            -0.09518
            -0.11191
            -0.13920
            -0.16680
            -0.16635
            -0.21404
            -0.21429
            -0.23840
            -0.26816
            -0.27405
            -0.31306
            -0.30417
            -0.33878
            -0.35664
            -0.35774
            -0.41239
            -0.41029
            -0.40596
            -0.42392
            -0.43992
            -0.44251
            -0.46800
            -0.48797
            -0.49808
            -0.49535
            -0.51186
            -0.51077
            -0.53373
            -0.52836
            -0.53009
            -0.56384
            -0.54586
            -0.55671
            -0.55854
            -0.55935
            -0.56926
            -0.58211
            -0.55487
            -0.57358
            -0.58501
            -0.55486
            -0.54904
            -0.55960
            -0.54709
            -0.54481
            -0.53433
            -0.52772
            -0.51264
            -0.50711
            -0.48920
            -0.48797
            -0.44722
            -0.44414
            -0.42353
            -0.42197
            -0.39119
            -0.37954
            -0.34390
            -0.31909
            -0.30685
            -0.27190
            -0.24436
            -0.20551
            -0.17900
            -0.14461
            -0.10369
            -0.06016
            -0.00443
             0.02929
             0.08701
             0.11253
             0.15527
             0.22189
             0.27411
             0.34143
             0.38093
             0.44076
             0.51925
             0.58234
             0.64604
             0.71728
             0.80137
             0.87390
             0.96069
             1.02998
             1.12140
             1.22070
             1.29841
             1.40393
             1.50519
             1.62821
             1.74677
             1.83717
             1.95869
             2.10574
             2.20574
             2.34557
             2.48398
             2.62048
             2.76923
             2.90844
             3.05826
             3.22463
             3.39307
             3.57011
             3.72224
             3.92715
             4.11709
             4.29742
             4.52030
             4.73177
             4.91931
             5.14223
             5.40251
             5.63034
             5.90107
             6.13191
             6.42354
             6.67840
             6.93379
             7.22087
             7.52757
             7.85944
             8.17614
             8.45377
             8.82479
             9.17059
             9.54594
             9.92134
            10.30927
            10.68419
            11.12380
            11.54027
            11.99502
            12.44974
            12.90415
            13.43259
            13.92651
            14.45706
            15.03759
            15.60722
            16.19515
            16.84237
            17.50330
            18.22167
            18.98015
            19.80049
            20.64954
            21.55683
            22.52013
            23.58569
            24.74277
            25.96657
            27.29144
            28.76181
            30.34154
            32.08386
            33.91530
            35.92017
            38.06398
            40.36980
            42.74290
            45.22324
            47.85026
            50.52695
            53.18813
            55.84611
            58.48811
            61.14955
            63.70011
            66.24348
            68.65195
            70.98597
            73.21996
            75.51775
            77.79153
            80.01600
            82.15920
            84.39674
            86.56097
            88.83988
            90.95269
            93.14019
            95.13920
            97.08353
            98.94481
           100.62621
           101.98168
           103.22077
           103.85433
           103.91808
           103.21600
           101.55022
            98.87567
            95.36806
            91.50776
            87.67954
            84.40754
            82.02666
            80.89938
            81.25210
            83.39628
            87.15557
            92.18784
            97.68068
           102.75255
           106.91494
           109.97251
           112.24033
           113.97730
           115.47590
           116.96796
           118.26636
           119.67738
           120.95177
           122.34306
           123.47985
           124.56512
           125.63462
           126.53994
           127.25842
           127.84648
           128.44287
           128.67216
           128.92621
           129.13525
           129.11273
           129.10907
           128.98190
           128.86273
           128.67984
           128.34637
           128.15033
           127.92516
           127.66484
           127.50461
           127.24182
           127.03036
           126.89788
           126.86757
           126.88418
           126.91465
           127.02146
           127.06174
           127.12183
           127.21930
           127.26956
           127.33551
           127.37865
           127.24287
           127.08229
           126.85557
           126.50010
           125.99419
           125.48772
           124.84872
           124.06606
           123.09400
           122.19865
           121.22285
           120.02463
           119.10071
           117.80785
           116.56118
           115.27928
           113.88133
           112.55038
           111.19693
           109.81096
           108.32620
           106.87019
           105.33631
           103.84501
           102.36011
           100.83927
            99.31202
            97.89117
            96.39207
            94.81083
            93.33564
            91.73869
            90.09934
            88.58430
            86.98029
            85.24109
            83.59660
            81.75983
            79.98744
            78.22652
            76.51674
            74.82215
            73.09559
            71.46957
            69.96294
            68.45348
            66.95269
            65.56099
            64.27416
            63.03535
            61.76951
            60.50925
            59.25847
            57.95322
            56.67965
            55.32558
            53.95102
            52.48141
            50.98757
            49.45627
            47.99786
            46.42939
            44.86536
            43.35401
            41.87349
            40.40542
            38.97766
            37.53227
            36.20360
            34.74567
            33.40709
            32.08529
            30.75196
            29.45014
            28.18093
            26.95815
            25.75578
            24.59939
            23.48133
            22.41932
            21.40448
            20.47574
            19.57731
            18.77009
            17.98780
            17.30458
            16.62574
            16.01346
            15.42650
            14.84928
            14.34515
            13.87296
            13.40155
            12.98493
            12.57243
            12.17277
            11.83878
            11.44504
            11.10516
            10.81167
            10.49587
            10.17707
             9.89693
             9.63157
             9.32866
             9.07723
             8.81627
             8.58296
             8.31505
             8.07626
             7.85757
             7.63612
             7.39575
             7.19296
             6.97510
             6.77392
             6.55669
             6.37910
             6.19242
             5.99909
             5.78641
             5.60063
             5.40901
             5.20856
             5.07101
             4.89184
             4.70072
             4.50638
             4.36818
             4.19360
             4.02596
             3.89114
             3.72399
             3.55374
             3.42353
             3.26603
             3.11141
             2.95258
             2.83792
             2.70286
             2.56148
             2.43114
             2.29623
             2.15554
             2.04504
             1.93674
             1.80253
             1.68152
             1.57093
             1.45526
             1.34584
             1.23569
             1.15500
             1.04761
             0.93427
             0.84223
             0.74416
             0.63207
             0.53484
             0.45077
             0.34830
             0.26550
             0.15753
             0.05705
            -0.02657
            -0.10338
            -0.19910
            -0.26742
            -0.35456
            -0.41737
            -0.51938
            -0.59983
            -0.67906
            -0.76264
            -0.85676
            -0.91722
            -0.98736
            -1.07970
            -1.14808
            -1.20485
            -1.29051
            -1.34872
            -1.41565
            -1.47571
            -1.54392
            -1.60539
            -1.69325
            -1.71407
            -1.80081
            -1.84392
            -1.92143
            -1.98301
            -2.01939
            -2.05231
            -2.12550
            -2.13448
            -2.20554
            -2.24598
            -2.27909
            -2.34184
            -2.36739
            -2.39081
            -2.42115
            -2.46107
            -2.46771
            -2.48259
            -2.48988
            -2.52687
            -2.52154
            -2.52404
            -2.52555
            -2.53042
            -2.51515
            -2.54479
            -2.51100
            -2.47882
            -2.43816
            -2.41436
            -2.37355
