            29.96686
            29.86622
            29.76558
            29.66494
            29.56430
            29.46365
            29.36301
            29.26237
            29.16173
            29.06109
            28.96045
            28.85981
            28.75917
            28.65853
            28.55789
            28.45725
            28.35660
            28.25596
            28.15532
            28.05468
            27.95404
            27.85340
            27.75276
            27.65212
            27.55148
            27.45084
            27.35019
            27.24955
            27.14891
            27.04827
            26.94763
            26.84699
            26.74635
            26.64571
            26.54507
            26.44443
            26.34378
            26.24314
            26.14250
            26.04186
            25.94122
            25.84058
            25.73994
            25.63930
            25.53866
            25.43802
            25.33737
            25.23673
            25.13609
            25.03545
            24.93481
            24.83417
            24.73353
            24.63289
            24.53225
            24.43161
            24.33097
            24.23032
            24.12968
            24.02904
            23.92840
            23.82776
            23.72712
            23.62648
            23.52584
            23.42520
            23.32456
            23.22391
            23.12327
            23.02263
            22.92199
            22.82135
            22.72071
            22.62007
            22.51943
            22.41879
            22.31815
            22.21750
            22.11686
            22.01622
            21.91558
            21.81494
            21.71430
            21.61366
            21.51302
            21.41238
            21.31174
            21.21110
            21.11045
            21.00981
            20.90917
            20.80853
            20.70789
            20.60725
            20.50661
            20.40597
            20.30533
            20.20469
            20.10404
            20.00340
            19.90276
            19.80212
            19.70148
            19.60084
            19.50020
            19.39956
            19.29892
            19.19828
            19.09763
            18.99699
            18.89635
            18.79571
            18.69507
            18.59443
            18.49379
            18.39315
            18.29251
            18.19187
            18.09123
            17.99058
            17.88994
            17.78930
            17.68866
            17.58802
            17.48738
            17.38674
            17.28610
            17.18546
            17.08482
            16.98417
            16.88353
            16.78289
            16.68225
            16.58161
            16.48097
            16.38033
            16.27969
            16.17905
            16.07841
            15.97776
            15.87712
            15.77648
            15.67584
            15.57520
            15.47456
            15.37392
            15.27328
            15.17264
            15.07200
            14.97136
            14.87071
            14.77007
            14.66943
            14.56879
            14.46815
            14.36751
            14.26687
            14.16623
            14.06559
            13.96495
            13.86430
            13.76366
            13.66302
            13.56238
            13.46174
            13.36110
            13.26046
            13.15982
            13.05918
            12.95854
            12.85789
            12.75725
            12.65661
            12.55597
            12.45533
            12.35469
            12.25405
            12.15341
            12.05277
            11.95213
            11.85149
            11.75084
            11.65020
            11.54956
            11.44892
            11.34828
            11.24764
            11.14700
            11.04636
            10.94572
            10.84508
            10.74443
            10.64379
            10.54315
            10.44251
            10.34187
            10.24123
            10.14059
            10.03995
             9.93931
             9.83867
             9.73802
             9.63738
             9.53674
             9.43610
             9.33546
             9.23482
             9.13418
             9.03354
             8.93290
             8.83226
             8.73162
             8.63097
             8.53033
             8.42969
             8.32905
             8.22841
             8.12777
             8.02713
             7.92649
             7.82585
             7.72521
             7.62456
             7.52392
             7.42328
             7.32264
             7.22200
             7.12136
             7.02072
             6.92008
             6.81944
             6.71880
             6.61815
             6.51751
             6.41687
             6.31623
             6.21559
             6.11495
             6.01431
             5.91367
             5.81303
             5.71239
             5.61174
             5.51110
             5.41046
             5.30982
             5.20918
             5.10854
             5.00790
             4.90726
             4.80662
             4.70598
             4.60534
             4.50469
             4.40405
             4.30341
             4.20277
             4.10213
             4.00149
             3.90085
             3.80021
             3.69957
             3.59893
             3.49828
             3.39764
             3.29700
             3.19636
             3.09572
             2.99508
             2.89444
             2.79380
             2.69316
             2.59252
             2.49187
             2.39123
             2.29059
             2.18995
             2.08931
             1.98867
             1.88803
             1.78739
             1.68675
             1.58611
             1.48547
             1.38482
             1.28418
             1.18354
             1.08290
             0.98226
             0.88162
             0.78098
             0.68034
             0.57970
             0.47906
             0.37841
             0.27777
             0.17713
             0.07649
            -0.02415
            -0.12479
            -0.22543
            -0.32607
            -0.42671
            -0.52735
            -0.62800
            -0.72864
            -0.82928
            -0.92992
            -1.03056
            -1.13120
            -1.23184
            -1.33248
            -1.43312
            -1.53376
            -1.63440
            -1.73505
            -1.83569
            -1.93633
            -2.03697
            -2.13761
            -2.23825
            -2.33889
            -2.43953
            -2.54017
            -2.64081
            -2.74146
            -2.84210
            -2.94274
            -3.04338
            -3.14402
            -3.24466
            -3.34530
            -3.44594
            -3.54658
            -3.64722
            -3.74787
            -3.84851
            -3.94915
            -4.04979
            -4.15043
            -4.25107
            -4.35171
            -4.45235
            -4.55299
            -4.65363
            -4.75427
            -4.85492
            -4.95556
            -5.05620
            -5.15684
            -5.25748
            -5.35812
            -5.45876
            -5.55940
            -5.66004
            -5.76068
            -5.86133
            -5.96197
            -6.06261
            -6.16325
            -6.26389
            -6.36453
            -6.46517
            -6.56581
            -6.66645
            -6.76709
            -6.86774
            -6.96838
            -7.06902
            -7.16966
            -7.27030
            -7.37094
            -7.47158
            -7.57222
            -7.67286
            -7.77350
            -7.87414
            -7.97479
            -8.07543
            -8.17607
            -8.27671
            -8.37735
            -8.47799
            -8.57863
            -8.67927
            -8.77991
            -8.88055
            -8.98120
            -9.08184
            -9.18248
            -9.28312
            -9.38376
            -9.48440
            -9.58504
            -9.68568
            -9.78632
            -9.88696
            -9.98761
           -10.08825
           -10.18889
           -10.28953
           -10.39017
           -10.49081
           -10.59145
           -10.69209
           -10.79273
           -10.89337
           -10.99401
           -11.09466
           -11.19530
           -11.29594
           -11.39658
           -11.49722
           -11.59786
           -11.69850
           -11.79914
           -11.89978
           -12.00042
           -12.10107
           -12.20171
           -12.30235
           -12.40299
           -12.50363
           -12.60427
           -12.70491
           -12.80555
           -12.90619
           -13.00683
           -13.10748
           -13.20812
           -13.30876
           -13.40940
           -13.51004
           -13.61068
           -13.71132
           -13.81196
           -13.91260
           -14.01324
           -14.11388
           -14.21453
           -14.31517
           -14.41581
           -14.51645
           -14.61709
           -14.71773
           -14.81837
           -14.91901
           -15.01965
           -15.12029
           -15.22094
           -15.32158
           -15.42222
           -15.52286
           -15.62350
           -15.72414
           -15.82478
           -15.92542
           -16.02606
           -16.12670
           -16.22735
           -16.32799
           -16.42863
           -16.52927
           -16.62991
           -16.73055
           -16.83119
           -16.93183
           -17.03247
           -17.13311
           -17.23376
           -17.33440
           -17.43504
           -17.53568
           -17.63632
           -17.73696
           -17.83760
           -17.93824
           -18.03888
           -18.13952
           -18.24016
           -18.34081
           -18.44145
           -18.54209
           -18.64273
           -18.74337
           -18.84401
           -18.94465
           -19.04529
           -19.14593
           -19.24657
           -19.34722
           -19.44786
           -19.54850
           -19.64914
           -19.74978
           -19.85042
           -19.95106
